Tabula fastorum Iulianorum.

3113111311Ι 31 3 11331. 1111 1111133. 11] [3. 1133311]

u—

431333 3134113111]
33133 3 33 3131113 N]
33. 3,11 4 33 3313113 33. c]
11311. 1¹1 3 051: 1131111111311311. 3]
333 33. 3ῑ3 3 313 3 31
1311113113313313
33131333133
33313ἓ133333
4

3

&eomer—monaca

33 3 3 4 311 4 3

3 3113311313) 3 3 3 1 13311. 13
PR. 11131333311113 33. 313 311. 311
13 Ι11 313. 133 33111. 113 313, 133 1313. x)
1111 13 33 11131113 13 311) 13 3
13 3 11 1111313133 11 3133311313
16313 3111 111113 3,1’ 11 3
11313 3313 3113 33313113)
18 ,3 11 3313 31314 31113 3
19 1 13 331311. 1313 13 31331311
20
21
22
23 ¹
21
23
23
27
23 3

29 ’13

12 33 13 i 12 33 13 3
11 31· 13 ' 11 33 311. 3
3311 13 3311 3
1191113 33 3 3331111Ἴ
3111 3
3-1 1

’τἰἰ-’ΞΦΦΦῬΕΠΦ

 

