Tabula fastorum Iulianorum.

muzza

1 ί[1161111. 61111 1116111116 6111. 6661166116]
216 6 6111 1 NG 6 NF 1[†N³]
616 66116 6 611 51116 6 6
431> 1 [6116 PR. 61 1 11616 66. 6
5 ’6 6 6111 11611.(11)6666116,1611 NON. N
66 66. 6,6 6 Nc 611. 1116 6 6
716 66111116 1 Nn 6611116

8111 6 66 61116 6 1111

9 11 11111661166666 1 1116 11
1616 6 6ε1 1116 6 616

11 ’6 1611. 11161116611111 6 616 6 6
12 6 1166 661111 11611 6166

13 ’11 1611. 166 616. 616 6 611 1116. N
1111 PR. 01ss 13 Ngc 66. 616 16 6
16 (1 111), 6166661166 616, Nc 13 6
16 Ι11 11 66 16 66 11 6111 11 6
17 A 11 011 15 616 16 6111666616
,18 6 15 3³11 14 66 16 6111 16 6
19 c 14 616 16 6161661666 1111166
26 ,11 16 616 12 611 16 6111 16 6
21 6166161616 616166161611 6611616
22 ’6 11 11116 66 11 611 11 EN
23 6 1116. 616 66 6661. Nc 1616. N
2116666116616 616, 661116 6 6
2611 6 616 666666.11>66616,16
2331 61616616
27
28

61

6 616 611 6 66661616

6 66 611 5 6111 6116

29 1 ¹* 3 66 1 6111 1 6
3

30 ,616 6 616 3 6
31 66. ξ11 66. 66 66. 6

† Crux distinym't serias a 01166616111161161666611166166, quornm dierum
6116661116 serim additas 11616 fuerit, 1116111666619116661116,

() 111616 rotundis cmnprehensae 66166 1116111111(166616111666111166666616
tabula Maffeiana 11166161166166611111 exaliis, 1616 1666 (1611. 9) ex coniectura.

 

